# Mean squared displacement computed by LiquidLib
# t                 <r2(t)>
0.000000000000000e+00        0.000000000000000e+00
1.000000047497451e-03        3.226808607578278e-01
2.000000094994903e-03        3.997294902801514e-01
3.000000026077032e-03        4.763285219669342e-01
4.000000189989805e-03        5.493153333663940e-01
5.000000353902578e-03        6.201419234275818e-01
6.000000052154064e-03        6.898468732833862e-01
7.000000216066837e-03        7.576740980148315e-01
8.000000379979610e-03        8.271660208702087e-01
9.000000543892384e-03        8.963520526885986e-01
1.000000070780516e-02        9.655666947364807e-01
1.100000087171793e-02        1.034680604934692e+00
1.200000010430813e-02        1.103317141532898e+00
1.300000026822090e-02        1.171338558197021e+00
1.400000043213367e-02        1.240079998970032e+00
1.500000059604645e-02        1.309689640998840e+00
1.600000075995922e-02        1.377426505088806e+00
1.700000092387199e-02        1.445829033851624e+00
1.800000108778477e-02        1.514200448989868e+00
1.900000125169754e-02        1.583020091056824e+00
2.000000141561031e-02        1.651571154594421e+00
2.100000157952309e-02        1.720090508460999e+00
2.200000174343586e-02        1.787854671478271e+00
2.300000190734863e-02        1.855265378952026e+00
2.400000020861626e-02        1.922440648078918e+00
2.500000037252903e-02        1.989574551582336e+00
2.600000053644180e-02        2.057576656341553e+00
2.700000070035458e-02        2.125069618225098e+00
2.800000086426735e-02        2.193541765213013e+00
2.900000102818012e-02        2.261209726333618e+00
3.000000119209290e-02        2.328723669052124e+00
3.100000135600567e-02        2.396071434020996e+00
3.200000151991844e-02        2.463041067123413e+00
3.299999982118607e-02        2.529424667358398e+00
3.400000184774399e-02        2.596680164337158e+00
3.500000014901161e-02        2.663717269897461e+00
3.600000217556953e-02        2.730699062347412e+00
