# Mean squared displacement computed by LiquidLib
# t                 <r2(t)>
0.000000000000000e+00        0.000000000000000e+00
1.000000047497451e-03        3.247354924678802e-01
2.000000094994903e-03        4.936130940914154e-01
3.000000026077032e-03        6.463192105293274e-01
4.000000189989805e-03        7.956268191337585e-01
5.000000353902578e-03        9.425202608108521e-01
6.000000052154064e-03        1.088039755821228e+00
7.000000216066837e-03        1.233111619949341e+00
8.000000379979610e-03        1.378481030464172e+00
9.000000543892384e-03        1.523296236991882e+00
1.000000070780516e-02        1.668122529983521e+00
1.100000087171793e-02        1.812871456146240e+00
1.200000010430813e-02        1.957637667655945e+00
1.300000026822090e-02        2.102401733398438e+00
1.400000043213367e-02        2.247229337692261e+00
1.500000059604645e-02        2.391542434692383e+00
1.600000075995922e-02        2.536711454391479e+00
1.700000092387199e-02        2.681888818740845e+00
1.800000108778477e-02        2.826899290084839e+00
1.900000125169754e-02        2.971947431564331e+00
2.000000141561031e-02        3.116982460021973e+00
2.100000157952309e-02        3.261983633041382e+00
2.200000174343586e-02        3.406938552856445e+00
2.300000190734863e-02        3.551912307739258e+00
2.400000020861626e-02        3.697446584701538e+00
2.500000037252903e-02        3.843398571014404e+00
2.600000053644180e-02        3.989114761352539e+00
2.700000070035458e-02        4.134522438049316e+00
2.800000086426735e-02        4.279702186584473e+00
2.900000102818012e-02        4.424976348876953e+00
3.000000119209290e-02        4.570319652557373e+00
3.100000135600567e-02        4.715596675872803e+00
3.200000151991844e-02        4.860887527465820e+00
3.299999982118607e-02        5.006282329559326e+00
3.400000184774399e-02        5.151941776275635e+00
3.500000014901161e-02        5.297741413116455e+00
3.600000217556953e-02        5.443374156951904e+00
