# Velocity autocorrelation function computed by LiquidLib
# t                 C_vv(t)
0.000000000000000e+00        3.247364062500000e+05
1.000000047497451e-03        -7.796776562500000e+04
2.000000094994903e-03        -8.117433593750000e+03
3.000000026077032e-03        -1.704569824218750e+03
4.000000189989805e-03        -1.144708618164062e+03
5.000000353902578e-03        -6.900650634765625e+02
6.000000052154064e-03        -2.345691070556641e+02
7.000000216066837e-03        1.345021514892578e+02
8.000000379979610e-03        -2.584534606933594e+02
9.000000543892384e-03        5.476981735229492e+01
1.000000070780516e-02        -1.706487274169922e+01
1.100000087171793e-02        2.072801208496094e+01
1.200000010430813e-02        -8.833648681640625e+00
1.300000026822090e-02        3.106540870666504e+01
1.400000043213367e-02        -2.287152252197266e+02
1.500000059604645e-02        3.570337219238281e+02
1.600000075995922e-02        2.204899597167969e+01
1.700000092387199e-02        -6.632341003417969e+01
1.800000108778477e-02        -1.683830261230469e+01
1.900000125169754e-02        -5.525946044921875e+01
2.000000141561031e-02        4.703402328491211e+01
2.100000157952309e-02        -3.257608795166016e+01
2.200000174343586e-02        -6.928723907470703e+01
2.300000190734863e-02        2.753388671875000e+02
2.400000020861626e-02        2.208627777099609e+02
2.500000037252903e-02        -1.464287109375000e+02
2.600000053644180e-02        -1.572776031494141e+02
2.700000070035458e-02        -1.096486511230469e+02
2.800000086426735e-02        2.319568252563477e+01
2.900000102818012e-02        8.915317535400391e+01
3.000000119209290e-02        -7.710207939147949e+00
3.100000135600567e-02        5.272467041015625e+01
3.200000151991844e-02        7.936673736572266e+01
3.299999982118607e-02        7.278900909423828e+01
3.400000184774399e-02        1.289914093017578e+02
3.500000014901161e-02        -1.305760345458984e+02
3.600000217556953e-02        -1.039073715209961e+02
