# Velocity autocorrelation function computed by LiquidLib
# t                 C_vv(t)
0.000000000000000e+00        3.226792812500000e+05
1.000000047497451e-03        -1.228422265625000e+05
2.000000094994903e-03        -1.606705932617188e+02
3.000000026077032e-03        -1.729295898437500e+03
4.000000189989805e-03        -1.012304321289062e+03
5.000000353902578e-03        -5.046499633789062e+02
6.000000052154064e-03        -9.084188232421875e+02
7.000000216066837e-03        8.596987915039062e+02
8.000000379979610e-03        -9.109828948974609e+01
9.000000543892384e-03        3.596946716308594e+01
1.000000070780516e-02        -8.067224502563477e+00
1.100000087171793e-02        -1.920173645019531e+02
1.200000010430813e-02        -2.548300628662109e+02
1.300000026822090e-02        4.105399780273438e+02
1.400000043213367e-02        5.060889892578125e+02
1.500000059604645e-02        -8.834611206054688e+02
1.600000075995922e-02        3.642392578125000e+02
1.700000092387199e-02        2.522773933410645e+01
1.800000108778477e-02        2.956207885742188e+02
1.900000125169754e-02        -6.056794738769531e+01
2.000000141561031e-02        6.425162506103516e+01
2.100000157952309e-02        -3.306473693847656e+02
2.200000174343586e-02        -1.206446151733398e+02
2.300000190734863e-02        -9.476819610595703e+01
2.400000020861626e-02        2.821877861022949e+01
2.500000037252903e-02        5.012112731933594e+02
2.600000053644180e-02        -2.053937225341797e+02
2.700000070035458e-02        5.321499633789062e+02
2.800000086426735e-02        -3.766673278808594e+02
2.900000102818012e-02        6.330984878540039e+01
3.000000119209290e-02        -4.816110610961914e+01
3.100000135600567e-02        -7.856160736083984e+01
3.200000151991844e-02        -2.392876586914062e+02
3.299999982118607e-02        5.064388122558594e+02
3.400000184774399e-02        -2.229573059082031e+01
3.500000014901161e-02        3.342852401733398e+01
3.600000217556953e-02        -2.003008880615234e+02
