# Velocity autocorrelation function computed by LiquidLib
# t                 C_vv(t)
0.000000000000000e+00        3.337492812500000e+05
1.000000047497451e-03        -7.677692187500000e+04
2.000000094994903e-03        -7.561138671875000e+03
3.000000026077032e-03        -3.382381591796875e+03
4.000000189989805e-03        -9.573859863281250e+02
5.000000353902578e-03        -7.432557373046875e+02
6.000000052154064e-03        3.451999816894531e+02
7.000000216066837e-03        4.481487426757812e+02
8.000000379979610e-03        1.589612731933594e+02
9.000000543892384e-03        -1.696865539550781e+02
1.000000070780516e-02        -5.509635162353516e+01
1.100000087171793e-02        -1.004723663330078e+02
1.200000010430813e-02        -1.742350006103516e+02
1.300000026822090e-02        3.722140502929688e+02
1.400000043213367e-02        8.087684631347656e+00
1.500000059604645e-02        2.232905273437500e+02
1.600000075995922e-02        1.145844955444336e+02
1.700000092387199e-02        3.056740722656250e+02
1.800000108778477e-02        -3.389089355468750e+02
1.900000125169754e-02        -3.481864929199219e+02
2.000000141561031e-02        -2.504885253906250e+02
2.100000157952309e-02        2.410778656005859e+02
2.200000174343586e-02        -2.663292236328125e+02
2.300000190734863e-02        -5.601123809814453e+01
2.400000020861626e-02        -7.957386779785156e+01
2.500000037252903e-02        1.746251220703125e+02
2.600000053644180e-02        -1.674722137451172e+02
2.700000070035458e-02        -8.128030395507812e+01
2.800000086426735e-02        3.390573120117188e+02
2.900000102818012e-02        1.955344085693359e+02
3.000000119209290e-02        1.122110939025879e+01
3.100000135600567e-02        -2.590543212890625e+02
3.200000151991844e-02        -7.332856750488281e+01
3.299999982118607e-02        3.071499252319336e+01
3.400000184774399e-02        2.343716278076172e+02
3.500000014901161e-02        -4.140025711059570e+01
3.600000217556953e-02        4.747362518310547e+01
