# Mean squared displacement computed by LiquidLib
# t                 <r2(t)>
0.000000000000000e+00        0.000000000000000e+00
1.000000047497451e-03        5.953165516257286e-02
2.000000094994903e-03        5.901109799742699e-02
3.000000026077032e-03        6.165472790598869e-02
4.000000189989805e-03        6.084470450878143e-02
5.000000353902578e-03        6.255960464477539e-02
6.000000052154064e-03        6.263380497694016e-02
7.000000216066837e-03        6.342060118913651e-02
8.000000379979610e-03        6.378628313541412e-02
9.000000543892384e-03        6.455828994512558e-02
1.000000070780516e-02        6.475878506898880e-02
1.100000087171793e-02        6.563141196966171e-02
1.200000010430813e-02        6.546314805746078e-02
1.300000026822090e-02        6.647727638483047e-02
1.400000043213367e-02        6.656814366579056e-02
1.500000059604645e-02        6.700886785984039e-02
1.600000075995922e-02        6.731880456209183e-02
1.700000092387199e-02        6.749942898750305e-02
1.800000108778477e-02        6.786273419857025e-02
1.900000125169754e-02        6.809291243553162e-02
2.000000141561031e-02        6.852454692125320e-02
2.100000157952309e-02        6.877231597900391e-02
2.200000174343586e-02        6.923516839742661e-02
2.300000190734863e-02        6.918880343437195e-02
2.400000020861626e-02        6.944470107555389e-02
2.500000037252903e-02        6.952370703220367e-02
2.600000053644180e-02        6.986511498689651e-02
2.700000070035458e-02        6.990780681371689e-02
2.800000086426735e-02        7.024709135293961e-02
2.900000102818012e-02        7.019443809986115e-02
3.000000119209290e-02        7.040190696716309e-02
3.100000135600567e-02        7.023236900568008e-02
3.200000151991844e-02        7.078257203102112e-02
3.299999982118607e-02        7.043801993131638e-02
3.400000184774399e-02        7.092011719942093e-02
3.500000014901161e-02        7.080253958702087e-02
3.600000217556953e-02        7.149559259414673e-02
