# Mean squared displacement computed by LiquidLib
# t                 <r2(t)>
0.000000000000000e+00        0.000000000000000e+00
1.000000047497451e-03        6.732472777366638e-02
2.000000094994903e-03        6.726532429456711e-02
3.000000026077032e-03        6.662099063396454e-02
4.000000189989805e-03        6.799869239330292e-02
5.000000353902578e-03        6.950539350509644e-02
6.000000052154064e-03        6.833858788013458e-02
7.000000216066837e-03        7.043091952800751e-02
8.000000379979610e-03        7.076507061719894e-02
9.000000543892384e-03        7.079493999481201e-02
1.000000070780516e-02        7.171689718961716e-02
1.100000087171793e-02        7.227709144353867e-02
1.200000010430813e-02        7.243806868791580e-02
1.300000026822090e-02        7.320289313793182e-02
1.400000043213367e-02        7.365406304597855e-02
1.500000059604645e-02        7.382787019014359e-02
1.600000075995922e-02        7.445036619901657e-02
1.700000092387199e-02        7.513718307018280e-02
1.800000108778477e-02        7.509710639715195e-02
1.900000125169754e-02        7.586839050054550e-02
2.000000141561031e-02        7.594785839319229e-02
2.100000157952309e-02        7.627954334020615e-02
2.200000174343586e-02        7.716899365186691e-02
2.300000190734863e-02        7.766585052013397e-02
2.400000020861626e-02        7.792763411998749e-02
2.500000037252903e-02        7.848034054040909e-02
2.600000053644180e-02        7.882722467184067e-02
2.700000070035458e-02        7.946203649044037e-02
2.800000086426735e-02        8.002215623855591e-02
2.900000102818012e-02        8.061096817255020e-02
3.000000119209290e-02        8.102849125862122e-02
3.100000135600567e-02        8.144289255142212e-02
3.200000151991844e-02        8.202008157968521e-02
3.299999982118607e-02        8.242504298686981e-02
3.400000184774399e-02        8.296434581279755e-02
3.500000014901161e-02        8.381019532680511e-02
3.600000217556953e-02        8.427628129720688e-02
