# Mean squared displacement computed by LiquidLib
# t                 <r2(t)>
0.000000000000000e+00        0.000000000000000e+00
1.000000047497451e-03        6.544156372547150e-02
2.000000094994903e-03        6.711438298225403e-02
3.000000026077032e-03        6.693603098392487e-02
4.000000189989805e-03        6.607862561941147e-02
5.000000353902578e-03        6.492509692907333e-02
6.000000052154064e-03        6.471717357635498e-02
7.000000216066837e-03        6.556742638349533e-02
8.000000379979610e-03        6.605871021747589e-02
9.000000543892384e-03        6.549689173698425e-02
1.000000070780516e-02        6.548143178224564e-02
1.100000087171793e-02        6.482303142547607e-02
1.200000010430813e-02        6.471254676580429e-02
1.300000026822090e-02        6.474397331476212e-02
1.400000043213367e-02        6.534179300069809e-02
1.500000059604645e-02        6.533353775739670e-02
1.600000075995922e-02        6.556472182273865e-02
1.700000092387199e-02        6.548654288053513e-02
1.800000108778477e-02        6.532936543226242e-02
1.900000125169754e-02        6.548063457012177e-02
2.000000141561031e-02        6.584694981575012e-02
2.100000157952309e-02        6.565764546394348e-02
2.200000174343586e-02        6.545780599117279e-02
2.300000190734863e-02        6.505036354064941e-02
2.400000020861626e-02        6.532872468233109e-02
2.500000037252903e-02        6.560371816158295e-02
2.600000053644180e-02        6.568026542663574e-02
2.700000070035458e-02        6.529049575328827e-02
2.800000086426735e-02        6.516265869140625e-02
2.900000102818012e-02        6.558469682931900e-02
3.000000119209290e-02        6.575986742973328e-02
3.100000135600567e-02        6.588707864284515e-02
3.200000151991844e-02        6.565073877573013e-02
3.299999982118607e-02        6.551948189735413e-02
3.400000184774399e-02        6.555239856243134e-02
3.500000014901161e-02        6.573666632175446e-02
3.600000217556953e-02        6.545191258192062e-02
