# Velocity autocorrelation function computed by LiquidLib
# t                 C_vv(t)
0.000000000000000e+00        5.953272656250000e+04
1.000000047497451e-03        -3.002481835937500e+04
2.000000094994903e-03        1.582500732421875e+03
3.000000026077032e-03        -1.730437011718750e+03
4.000000189989805e-03        1.263326293945312e+03
5.000000353902578e-03        -8.210334472656250e+02
6.000000052154064e-03        3.549289550781250e+02
7.000000216066837e-03        -2.073391418457031e+02
8.000000379979610e-03        2.004654693603516e+02
9.000000543892384e-03        -2.892143554687500e+02
1.000000070780516e-02        3.356345214843750e+02
1.100000087171793e-02        -5.228580322265625e+02
1.200000010430813e-02        5.960439453125000e+02
1.300000026822090e-02        -4.598102111816406e+02
1.400000043213367e-02        1.800752258300781e+02
1.500000059604645e-02        -7.245828247070312e+01
1.600000075995922e-02        -6.297336578369141e+01
1.700000092387199e-02        9.089147186279297e+01
1.800000108778477e-02        -6.659262084960938e+01
1.900000125169754e-02        9.958946228027344e+01
2.000000141561031e-02        -9.121395111083984e+01
2.100000157952309e-02        1.068133773803711e+02
2.200000174343586e-02        -2.502039489746094e+02
2.300000190734863e-02        1.449419097900391e+02
2.400000020861626e-02        -8.244490814208984e+01
2.500000037252903e-02        1.248762283325195e+02
2.600000053644180e-02        -1.427272491455078e+02
2.700000070035458e-02        1.477684783935547e+02
2.800000086426735e-02        -2.003655853271484e+02
2.900000102818012e-02        1.309949951171875e+02
3.000000119209290e-02        -1.892093658447266e+02
3.100000135600567e-02        3.640889587402344e+02
3.200000151991844e-02        -4.520972290039062e+02
3.299999982118607e-02        4.138240356445312e+02
3.400000184774399e-02        -2.924366149902344e+02
3.500000014901161e-02        3.993608398437500e+02
3.600000217556953e-02        -3.894559936523438e+02
