# Velocity autocorrelation function computed by LiquidLib
# t                 C_vv(t)
0.000000000000000e+00        6.544307421875000e+04
1.000000047497451e-03        -3.190048437500000e+04
2.000000094994903e-03        -9.248179931640625e+02
3.000000026077032e-03        -3.393981018066406e+02
4.000000189989805e-03        -1.496830444335938e+02
5.000000353902578e-03        4.757388916015625e+02
6.000000052154064e-03        5.298430175781250e+02
7.000000216066837e-03        -1.809950866699219e+02
8.000000379979610e-03        -5.274099121093750e+02
9.000000543892384e-03        2.756749572753906e+02
1.000000070780516e-02        -3.279124755859375e+02
1.100000087171793e-02        2.742928466796875e+02
1.200000010430813e-02        7.470432281494141e+01
1.300000026822090e-02        2.822220764160156e+02
1.400000043213367e-02        -3.025035095214844e+02
1.500000059604645e-02        1.190244369506836e+02
1.600000075995922e-02        -1.569479980468750e+02
1.700000092387199e-02        -3.721529769897461e+01
1.800000108778477e-02        1.568032226562500e+02
1.900000125169754e-02        1.053381500244141e+02
2.000000141561031e-02        -2.773533020019531e+02
2.100000157952309e-02        -6.836333274841309e+00
2.200000174343586e-02        -1.055160675048828e+02
2.300000190734863e-02        3.456813049316406e+02
2.400000020861626e-02        -6.520801186561584e-01
2.500000037252903e-02        -9.798166656494141e+01
2.600000053644180e-02        -2.333485412597656e+02
2.700000070035458e-02        1.332295227050781e+02
2.800000086426735e-02        2.727366027832031e+02
2.900000102818012e-02        -1.264182357788086e+02
3.000000119209290e-02        -2.337743949890137e+01
3.100000135600567e-02        -1.830511169433594e+02
3.200000151991844e-02        5.312418746948242e+01
3.299999982118607e-02        8.151981353759766e+01
3.400000184774399e-02        7.641299438476562e+01
3.500000014901161e-02        -2.354564971923828e+02
3.600000217556953e-02        2.329000396728516e+02
