# Velocity autocorrelation function computed by LiquidLib
# t                 C_vv(t)
0.000000000000000e+00        6.732479687500000e+04
1.000000047497451e-03        -3.369575390625000e+04
2.000000094994903e-03        -2.922021179199219e+02
3.000000026077032e-03        1.007691833496094e+03
4.000000189989805e-03        6.872509002685547e+01
5.000000353902578e-03        -1.337698242187500e+03
6.000000052154064e-03        1.626777343750000e+03
7.000000216066837e-03        -8.784500122070312e+02
8.000000379979610e-03        -1.491344299316406e+02
9.000000543892384e-03        4.443901672363281e+02
1.000000070780516e-02        -1.863734588623047e+02
1.100000087171793e-02        -1.980318298339844e+02
1.200000010430813e-02        2.989483642578125e+02
1.300000026822090e-02        -1.526882781982422e+02
1.400000043213367e-02        -1.365556945800781e+02
1.500000059604645e-02        2.294120025634766e+02
1.600000075995922e-02        3.124126243591309e+01
1.700000092387199e-02        -3.669240112304688e+02
1.800000108778477e-02        4.035730285644531e+02
1.900000125169754e-02        -3.436146545410156e+02
2.000000141561031e-02        1.199905090332031e+02
2.100000157952309e-02        2.770155334472656e+02
2.200000174343586e-02        -1.944951171875000e+02
2.300000190734863e-02        -1.206211929321289e+02
2.400000020861626e-02        1.435427398681641e+02
2.500000037252903e-02        -9.800545501708984e+01
2.600000053644180e-02        1.448463592529297e+02
2.700000070035458e-02        -3.781775665283203e+01
2.800000086426735e-02        2.187299919128418e+01
2.900000102818012e-02        -9.137277984619141e+01
3.000000119209290e-02        -8.928377151489258e+00
3.100000135600567e-02        8.484410858154297e+01
3.200000151991844e-02        -8.590050506591797e+01
3.299999982118607e-02        6.240244674682617e+01
3.400000184774399e-02        1.621291351318359e+02
3.500000014901161e-02        -1.873710784912109e+02
3.600000217556953e-02        1.038578186035156e+02
