# Mean squared displacement computed by LiquidLib
# t                 <r2(t)>
0.000000000000000e+00        0.000000000000000e+00
1.000000047497451e-03        3.360049426555634e-01
2.000000094994903e-03        5.563061833381653e-01
3.000000026077032e-03        7.624388337135315e-01
4.000000189989805e-03        9.646381735801697e-01
5.000000353902578e-03        1.165644288063049e+00
6.000000052154064e-03        1.365962028503418e+00
7.000000216066837e-03        1.564922809600830e+00
8.000000379979610e-03        1.764613866806030e+00
9.000000543892384e-03        1.963564991950989e+00
1.000000070780516e-02        2.162197828292847e+00
1.100000087171793e-02        2.361794471740723e+00
1.200000010430813e-02        2.561333894729614e+00
1.300000026822090e-02        2.761420488357544e+00
1.400000043213367e-02        2.961457729339600e+00
1.500000059604645e-02        3.162174701690674e+00
1.600000075995922e-02        3.363174200057983e+00
1.700000092387199e-02        3.564298152923584e+00
1.800000108778477e-02        3.765717506408691e+00
1.900000125169754e-02        3.966916084289551e+00
2.000000141561031e-02        4.167985916137695e+00
2.100000157952309e-02        4.368631839752197e+00
2.200000174343586e-02        4.569056034088135e+00
2.300000190734863e-02        4.769412040710449e+00
2.400000020861626e-02        4.969669342041016e+00
2.500000037252903e-02        5.169312953948975e+00
2.600000053644180e-02        5.369651317596436e+00
2.700000070035458e-02        5.569650173187256e+00
2.800000086426735e-02        5.769929409027100e+00
2.900000102818012e-02        5.970096111297607e+00
3.000000119209290e-02        6.170084476470947e+00
3.100000135600567e-02        6.370024681091309e+00
3.200000151991844e-02        6.569665908813477e+00
3.299999982118607e-02        6.769712924957275e+00
3.400000184774399e-02        6.969511508941650e+00
3.500000014901161e-02        7.168794155120850e+00
3.600000217556953e-02        7.368499755859375e+00
