# Velocity autocorrelation function computed by LiquidLib
# t                 C_vv(t)
0.000000000000000e+00        3.325573750000000e+05
1.000000047497451e-03        -5.868865234375000e+04
2.000000094994903e-03        -6.869526367187500e+03
3.000000026077032e-03        -2.143267333984375e+03
4.000000189989805e-03        -1.589106201171875e+03
5.000000353902578e-03        -3.003099365234375e+02
6.000000052154064e-03        -8.764797973632812e+01
7.000000216066837e-03        -2.605858459472656e+02
8.000000379979610e-03        2.478053131103516e+02
9.000000543892384e-03        -4.637681007385254e+00
1.000000070780516e-02        -2.527168731689453e+02
1.100000087171793e-02        6.140703964233398e+01
1.200000010430813e-02        -3.078500366210938e+02
1.300000026822090e-02        1.819844436645508e+01
1.400000043213367e-02        5.232756423950195e+01
1.500000059604645e-02        -4.035746154785156e+02
1.600000075995922e-02        3.954508361816406e+02
1.700000092387199e-02        2.069760131835938e+01
1.800000108778477e-02        -9.558665466308594e+01
1.900000125169754e-02        1.742104644775391e+02
2.000000141561031e-02        -1.430085296630859e+02
2.100000157952309e-02        -2.508057785034180e+01
2.200000174343586e-02        -1.502613983154297e+02
2.300000190734863e-02        -1.283893890380859e+02
2.400000020861626e-02        -5.058580398559570e+01
2.500000037252903e-02        -2.420059394836426e+01
2.600000053644180e-02        2.435186004638672e+01
2.700000070035458e-02        3.287360839843750e+02
2.800000086426735e-02        -1.367425384521484e+02
2.900000102818012e-02        5.203788757324219e+01
3.000000119209290e-02        1.747099761962891e+02
3.100000135600567e-02        -2.292793731689453e+02
3.200000151991844e-02        -3.076954956054688e+02
3.299999982118607e-02        -9.814121246337891e+01
3.400000184774399e-02        1.546947326660156e+02
3.500000014901161e-02        -3.929238891601562e+02
3.600000217556953e-02        -2.533407592773438e+02
