# Velocity autocorrelation function computed by LiquidLib
# t                 C_vv(t)
0.000000000000000e+00        3.360061875000000e+05
1.000000047497451e-03        -5.787855859375000e+04
2.000000094994903e-03        -7.134287109375000e+03
3.000000026077032e-03        -1.870788330078125e+03
4.000000189989805e-03        -6.244097290039062e+02
5.000000353902578e-03        -3.840033874511719e+02
6.000000052154064e-03        -6.670406494140625e+02
7.000000216066837e-03        4.154735412597656e+02
8.000000379979610e-03        -4.057592163085938e+02
9.000000543892384e-03        -2.131450958251953e+02
1.000000070780516e-02        4.616218261718750e+02
1.100000087171793e-02        -4.482102966308594e+01
1.200000010430813e-02        2.501137084960938e+02
1.300000026822090e-02        -5.111991882324219e+01
1.400000043213367e-02        3.035241088867188e+02
1.500000059604645e-02        2.300422973632812e+02
1.600000075995922e-02        6.206418609619141e+01
1.700000092387199e-02        1.165561981201172e+02
1.800000108778477e-02        -1.202812957763672e+02
1.900000125169754e-02        -1.220985488891602e+02
2.000000141561031e-02        -1.666331329345703e+02
2.100000157952309e-02        -1.416937103271484e+02
2.200000174343586e-02        -4.886873626708984e+01
2.300000190734863e-02        -1.867325744628906e+02
2.400000020861626e-02        -2.361526947021484e+02
2.500000037252903e-02        2.988563232421875e+02
2.600000053644180e-02        -1.030593719482422e+02
2.700000070035458e-02        1.170990676879883e+02
2.800000086426735e-02        -7.724191284179688e+01
2.900000102818012e-02        -7.522332000732422e+01
3.000000119209290e-02        -9.919596672058105e+00
3.100000135600567e-02        -1.617725372314453e+01
3.200000151991844e-02        2.072351531982422e+02
3.299999982118607e-02        -1.234514694213867e+02
3.400000184774399e-02        -2.194827880859375e+02
3.500000014901161e-02        1.233155288696289e+02
3.600000217556953e-02        -3.103528976440430e+01
