# Velocity autocorrelation function computed by LiquidLib
# t                 C_vv(t)
0.000000000000000e+00        3.319919687500000e+05
1.000000047497451e-03        -6.063752734375000e+04
2.000000094994903e-03        -7.615840332031250e+03
3.000000026077032e-03        -3.507931884765625e+03
4.000000189989805e-03        -1.148222045898438e+03
5.000000353902578e-03        -8.553471069335938e+02
6.000000052154064e-03        -5.222781372070312e+02
7.000000216066837e-03        -4.706764831542969e+02
8.000000379979610e-03        3.372435607910156e+02
9.000000543892384e-03        -4.074064254760742e+01
1.000000070780516e-02        1.071236419677734e+02
1.100000087171793e-02        5.758970947265625e+02
1.200000010430813e-02        -5.140357666015625e+02
1.300000026822090e-02        -3.361837387084961e+01
1.400000043213367e-02        -4.620655822753906e+02
1.500000059604645e-02        4.130454101562500e+02
1.600000075995922e-02        -6.577488708496094e+01
1.700000092387199e-02        1.911609344482422e+02
1.800000108778477e-02        -5.130929565429688e+02
1.900000125169754e-02        -2.484114990234375e+02
2.000000141561031e-02        -1.796125183105469e+02
2.100000157952309e-02        8.487894439697266e+01
2.200000174343586e-02        1.305392303466797e+02
2.300000190734863e-02        2.301186676025391e+02
2.400000020861626e-02        -2.215001831054688e+02
2.500000037252903e-02        2.000845489501953e+02
2.600000053644180e-02        1.156662979125977e+02
2.700000070035458e-02        -2.300049438476562e+02
2.800000086426735e-02        -2.533849792480469e+02
2.900000102818012e-02        -2.357654113769531e+02
3.000000119209290e-02        3.050025024414062e+02
3.100000135600567e-02        5.908097076416016e+01
3.200000151991844e-02        1.586907501220703e+02
3.299999982118607e-02        8.361979675292969e+01
3.400000184774399e-02        3.986187744140625e+02
3.500000014901161e-02        -3.607806396484375e+01
3.600000217556953e-02        1.953401947021484e+02
